3
4
0.769659 1.62667 1.85229
0.0512245 2.64793 0.865884
1.46685 1.26492 0.75897
0.0685823 0.530592 1.52822
6
1 2
1 3
1 4
2 3
2 4
3 4
8
-0.165733 0.258903 1.25029
-0.650936 1.29696 0.803382
-0.205141 0.9854 -0.0623316
0.280048 -0.0526747 0.384565
-0.710049 -0.360443 1.08653
-1.19525 0.677651 0.639635
-0.74947 0.36608 -0.226077
-0.264271 -0.67202 0.22081
12
1 2
2 3
3 4
4 1
5 6
6 7
7 8
8 5
1 5
2 6
3 7
4 8
8
0.869246 -0.124707 -0.686455
1.79778 -0.727849 -1.36106
1.92808 0.372316 -1.13056
0.999543 0.975455 -0.455971
0.951914 -0.42663 0.0942663
1.88045 -1.02978 -0.580335
2.01075 0.0703814 -0.349852
1.08221 0.673542 0.324755
8
1 6
6 3
3 8
8 1
2 7
7 4
4 5
5 2
-0.190827 -0.330768 0.758285
1.02039 0.467348 0.123605
